11
0 0 0 0 0 0 0 0 0 0 0
0 0 0 0 0 0 0 0 0 0 0
0 0 0 0 0 0 0 0 0 0 0
0 0 0 502 0 1 1 1 1 0 6
0 0 0 0 0 0 0 0 0 0 0
0 0 0 1 0 4430 1929 75 43 0 111
0 0 0 1 0 1929 10549 5386 2733 133 3474
0 0 0 1 0 75 5386 6347 2261 135 2779
0 0 0 1 0 43 2733 2261 8175 82 7517
0 0 0 0 0 0 133 135 82 221 92
0 0 0 6 0 111 3474 2779 7517 92 10249
