51
3966 2870 1863 0 2 640 69 6 3579 706 628 3745 2963 1578 1238 8 421 3116 9 0 1 602 517 278 113 0 2797 3186 2 2269 5 0 698 341 869 475 3512 3228 1995 12 9 61 2169 148 0 3649 1252 4 56 3541 0
2870 4410 1846 0 2 650 78 9 3429 818 684 3924 3326 1680 1517 11 476 3014 10 0 0 726 584 316 140 0 3021 3043 2 2444 7 1 839 420 1016 552 3528 3504 2006 18 11 86 2397 172 1 3830 1169 7 59 3743 0
1863 1846 3478 0 7 1128 147 11 2231 411 1242 2570 1959 886 2240 11 902 2064 11 0 1 1181 1033 620 208 1 1817 1934 2 1442 11 0 1377 769 1479 1014 2242 2171 1161 8 15 146 2650 84 0 2477 783 7 49 2341 0
0 0 0 131 0 0 0 0 0 0 1 0 0 0 1 0 0 0 0 0 0 0 0 0 0 0 0 0 0 0 0 6 0 0 0 0 0 0 0 0 1 0 0 0 0 2 0 0 0 0 0
2 2 7 0 1304 6 2 808 8 0 9 9 3 1 7 0 2 4 1157 0 0 12 6 5 0 0 5 4 0 6 726 0 8 12 17 4 8 6 1 0 1229 539 6 0 0 8 4 0 0 10 0
640 650 1128 0 6 3123 352 11 889 33 2596 1159 834 208 1170 187 1859 1114 11 0 15 2391 2200 1184 640 80 727 682 0 735 6 0 2612 1732 2811 2020 935 1143 256 0 14 138 1388 10 0 1164 342 50 7 984 0
69 78 147 0 2 352 655 3 99 3 554 154 101 17 144 36 588 160 2 0 0 645 606 194 74 8 81 80 1 91 2 0 485 505 653 579 100 163 23 0 3 14 171 4 0 157 42 8 0 122 0
6 9 11 0 808 11 3 3208 17 0 25 19 5 1 18 0 11 10 2331 0 0 32 22 10 1 0 5 8 0 9 2644 0 32 7 40 16 14 13 3 0 2687 1684 23 0 0 16 6 0 0 12 0
3579 3429 2231 0 8 889 99 17 5641 632 911 4998 3572 1770 1543 8 589 3626 22 0 1 939 723 411 167 1 3464 3772 2 2830 15 0 1111 494 1213 660 4875 4403 2151 16 27 89 2691 132 2 4873 1559 7 73 4391 0
706 818 411 0 0 33 3 0 632 877 38 865 849 441 320 1 18 838 0 0 0 26 21 19 7 0 748 670 0 389 0 0 39 17 156 23 650 830 501 17 0 20 497 54 0 864 321 1 9 852 0
628 684 1242 1 9 2596 554 25 911 38 4860 1390 912 205 1348 174 2551 1357 15 0 13 3598 3085 1647 656 86 769 675 1 778 11 0 4309 2299 4062 2719 991 1331 236 0 24 179 1559 15 0 1314 336 121 6 1093 0
3745 3924 2570 0 9 1159 154 19 4998 865 1390 7045 4245 1885 2208 20 913 4573 26 0 1 1533 1075 627 236 0 3956 3939 3 3188 40 0 1728 780 1723 1014 5175 5311 2190 19 27 129 3299 181 7 5683 1727 9 65 5229 0
2963 3326 1959 0 3 834 101 5 3572 849 912 4245 4608 1549 1607 14 641 3561 8 0 1 945 754 423 184 0 3146 3091 2 2413 4 0 1110 545 1259 717 3712 3920 1727 19 5 86 2443 128 0 4159 1258 8 46 4015 0
1578 1680 886 0 1 208 17 1 1770 441 205 1885 1549 1969 611 3 134 1432 2 0 0 187 163 93 42 0 1634 1673 2 1324 2 0 233 115 325 157 1759 1634 1168 8 1 19 1194 132 0 1824 617 2 33 1832 0
1238 1517 2240 1 7 1170 144 18 1543 320 1348 2208 1607 611 3378 17 931 1625 20 0 1 1425 1110 638 219 0 1438 1340 1 1276 36 0 1581 838 1576 1073 1611 1739 740 11 23 320 2990 74 1 1935 517 7 49 1903 0
8 11 11 0 0 187 36 0 8 1 174 20 14 3 17 281 136 21 0 0 0 242 240 32 29 11 9 8 0 11 0 0 173 147 243 195 12 21 4 0 0 0 19 0 0 20 3 3 0 14 0
421 476 902 0 2 1859 588 11 589 18 2551 913 641 134 931 136 2923 952 7 0 3 2844 2655 1054 406 59 517 465 1 535 4 0 2425 2184 2881 2547 643 969 151 0 10 90 1098 7 0 944 229 30 3 725 0
3116 3014 2064 0 4 1114 160 10 3626 838 1357 4573 3561 1432 1625 21 952 4802 8 0 0 1320 1097 668 233 0 3092 3144 1 2433 11 1 1506 822 1609 1043 3723 4161 1727 18 9 93 2450 125 0 4374 1401 6 41 4113 0
9 10 11 0 1157 11 2 2331 22 0 15 26 8 2 20 0 7 8 3178 0 0 27 14 8 1 0 9 11 0 11 2044 0 29 6 29 11 20 15 3 0 2922 1409 18 0 0 17 8 0 0 15 0
0 0 0 0 0 0 0 0 0 0 0 0 0 0 0 0 0 0 0 33 0 0 0 0 0 0 0 0 0 0 0 9 0 0 0 0 0 0 0 0 0 0 0 0 0 0 0 0 0 0 0
1 0 1 0 0 15 0 0 1 0 13 1 1 0 1 0 3 0 0 0 15 5 3 6 10 1 0 1 0 0 0 0 14 4 13 2 1 0 0 0 0 0 2 0 0 1 0 1 0 0 0
602 726 1181 0 12 2391 645 32 939 26 3598 1533 945 187 1425 242 2844 1320 27 0 5 4870 3514 1400 501 60 704 630 1 738 48 0 3867 2707 4178 3192 1060 1402 219 0 29 152 1582 9 0 1370 305 49 4 1120 0
517 584 1033 0 6 2200 606 22 723 21 3085 1075 754 163 1110 240 2655 1097 14 0 3 3514 3750 1266 464 69 610 538 1 631 9 0 3042 2430 3664 2968 775 1139 185 0 18 102 1300 9 0 1112 268 46 4 882 0
278 316 620 0 5 1184 194 10 411 19 1647 627 423 93 638 32 1054 668 8 0 6 1400 1266 1772 304 25 367 306 0 355 7 0 1754 974 1674 1130 448 671 89 0 10 82 761 7 0 658 163 43 2 522 0
113 140 208 0 0 640 74 1 167 7 656 236 184 42 219 29 406 233 1 0 10 501 464 304 726 35 130 125 0 143 0 0 653 409 660 406 178 235 46 0 0 35 255 3 0 234 57 19 4 191 0
0 0 1 0 0 80 8 0 1 0 86 0 0 0 0 11 59 0 0 0 1 60 69 25 35 90 0 0 0 0 0 0 82 66 87 50 1 0 1 0 0 0 0 0 0 0 0 1 1 1 0
2797 3021 1817 0 5 727 81 5 3464 748 769 3956 3146 1634 1438 9 517 3092 9 0 0 704 610 367 130 0 4279 3023 2 2515 3 1 862 452 1061 589 3509 3592 1808 16 9 79 2401 168 0 3862 1297 7 53 3665 0
3186 3043 1934 0 4 682 80 8 3772 670 675 3939 3091 1673 1340 8 465 3144 11 0 1 630 538 306 125 0 3023 4270 2 2488 7 1 759 376 917 508 3740 3394 2033 14 11 70 2300 148 0 3822 1280 6 60 3685 0
2 2 2 0 0 0 1 0 2 0 1 3 2 2 1 0 1 1 0 0 0 1 1 0 0 0 2 2 5 2 0 0 1 1 2 1 2 2 3 0 0 0 1 0 0 2 1 0 0 2 0
2269 2444 1442 0 6 735 91 9 2830 389 778 3188 2413 1324 1276 11 535 2433 11 0 0 738 631 355 143 0 2515 2488 2 3436 8 0 875 463 1031 608 2847 2833 1488 11 10 79 2240 177 0 3077 1012 6 43 2937 0
5 7 11 0 726 6 2 2644 15 0 11 40 4 2 36 0 4 11 2044 0 0 48 9 7 0 0 3 7 0 8 2864 0 38 5 26 6 14 12 6 0 2349 1630 15 0 0 13 7 0 0 13 0
0 1 0 6 0 0 0 0 0 0 0 0 0 0 0 0 0 1 0 9 0 0 0 0 0 0 1 1 0 0 0 353 0 0 1 0 0 0 0 0 0 0 0 0 0 0 0 0 0 0 0
698 839 1377 0 8 2612 485 32 1111 39 4309 1728 1110 233 1581 173 2425 1506 29 0 14 3867 3042 1754 653 82 862 759 1 875 38 0 5693 2282 4243 2643 1232 1591 260 0 37 227 1782 16 0 1565 369 122 7 1323 0
341 420 769 0 12 1732 505 7 494 17 2299 780 545 115 838 147 2184 822 6 0 4 2707 2430 974 409 66 452 376 1 463 5 0 2282 2813 2718 2325 540 824 125 0 9 83 955 8 0 803 188 28 3 624 0
869 1016 1479 0 17 2811 653 40 1213 156 4062 1723 1259 325 1576 243 2881 1609 29 0 13 4178 3664 1674 660 87 1061 917 2 1031 26 1 4243 2718 5865 3211 1288 1751 393 1 36 267 1949 34 0 1734 445 113 13 1459 0
475 552 1014 0 4 2020 579 16 660 23 2719 1014 717 157 1073 195 2547 1043 11 0 2 3192 2968 1130 406 50 589 508 1 608 6 0 2643 2325 3211 3256 728 1060 172 0 16 94 1238 8 0 1047 255 22 1 820 0
3512 3528 2242 0 8 935 100 14 4875 650 991 5175 3712 1759 1611 12 643 3723 20 0 1 1060 775 448 178 1 3509 3740 2 2847 14 0 1232 540 1288 728 5915 4559 2139 7 19 88 2737 129 6 4948 1545 8 73 4534 0
3228 3504 2171 0 6 1143 163 13 4403 830 1331 5311 3920 1634 1739 21 969 4161 15 0 0 1402 1139 671 235 0 3592 3394 2 2833 12 0 1591 824 1751 1060 4559 5864 1785 19 17 112 2852 157 3 5330 1596 6 29 4580 0
1995 2006 1161 0 1 256 23 3 2151 501 236 2190 1727 1168 740 4 151 1727 3 0 0 219 185 89 46 1 1808 2033 3 1488 6 0 260 125 393 172 2139 1785 2413 11 4 40 1378 139 0 2129 756 3 58 2117 0
12 18 8 0 0 0 0 0 16 17 0 19 19 8 11 0 0 18 0 0 0 0 0 0 0 0 16 14 0 11 0 0 0 0 1 0 7 19 11 19 0 0 15 4 0 18 7 0 0 19 0
9 11 15 1 1229 14 3 2687 27 0 24 27 5 1 23 0 10 9 2922 0 0 29 18 10 0 0 9 11 0 10 2349 0 37 9 36 16 19 17 4 0 3650 1630 26 0 0 17 7 0 0 16 0
61 86 146 0 539 138 14 1684 89 20 179 129 86 19 320 0 90 93 1409 0 0 152 102 82 35 0 79 70 0 79 1630 0 227 83 267 94 88 112 40 0 1630 3958 327 6 0 120 36 12 1 108 0
2169 2397 2650 0 6 1388 171 23 2691 497 1559 3299 2443 1194 2990 19 1098 2450 18 0 2 1582 1300 761 255 0 2401 2300 1 2240 15 0 1782 955 1949 1238 2737 2852 1378 15 26 327 4591 168 0 3127 928 8 63 2998 0
148 172 84 0 0 10 4 0 132 54 15 181 128 132 74 0 7 125 0 0 0 9 9 7 3 0 168 148 0 177 0 0 16 8 34 8 129 157 139 4 0 6 168 186 0 174 67 1 4 176 0
0 1 0 0 0 0 0 0 2 0 0 7 0 0 1 0 0 0 0 0 0 0 0 0 0 0 0 0 0 0 0 0 0 0 0 0 6 3 0 0 0 0 0 0 29 0 0 0 0 0 0
3649 3830 2477 2 8 1164 157 16 4873 864 1314 5683 4159 1824 1935 20 944 4374 17 0 1 1370 1112 658 234 0 3862 3822 2 3077 13 0 1565 803 1734 1047 4948 5330 2129 18 17 120 3127 174 0 6292 1686 7 61 4953 0
1252 1169 783 0 4 342 42 6 1559 321 336 1727 1258 617 517 3 229 1401 8 0 0 305 268 163 57 0 1297 1280 1 1012 7 0 369 188 445 255 1545 1596 756 7 7 36 928 67 0 1686 1882 1 14 1537 0
4 7 7 0 0 50 8 0 7 1 121 9 8 2 7 3 30 6 0 0 1 49 46 43 19 1 7 6 0 6 0 0 122 28 113 22 8 6 3 0 0 12 8 1 0 7 1 137 4 8 0
56 59 49 0 0 7 0 0 73 9 6 65 46 33 49 0 3 41 0 0 0 4 4 2 4 1 53 60 0 43 0 0 7 3 13 1 73 29 58 0 0 1 63 4 0 61 14 4 88 59 0
3541 3743 2341 0 10 984 122 12 4391 852 1093 5229 4015 1832 1903 14 725 4113 15 0 0 1120 882 522 191 1 3665 3685 2 2937 13 0 1323 624 1459 820 4534 4580 2117 19 16 108 2998 176 0 4953 1537 8 59 5746 0
0 0 0 0 0 0 0 0 0 0 0 0 0 0 0 0 0 0 0 0 0 0 0 0 0 0 0 0 0 0 0 0 0 0 0 0 0 0 0 0 0 0 0 0 0 0 0 0 0 0 0
